0
0
2097152
2686976
2933776
2665600
2359808
2850816
0
2887455
525312
2162688
2738788
4
2646272
2969588
2869666
2097169
2687488
1376512
0
2752529
524288
0
2964635
2097216
0
2690948
0
2883585
0
2293760
0
2899016
2785344
1048594
2925191
2625664
800522
2646552
2228224
0
1605696
0
4096
2393579
2097152
2163722
2097408
2753154
2906939
2759386
2130440
2971937
2547860
2621440
1605632
2105344
0
294912
2630408
2689024
1048576
786962
0
2707470
753668
524288
2427627
0
2948263
2621441
2097158
1671177
2727228
2998436
2228256
2121760
2228228
2424832
0
2228240
2720772
1376256
2835225
2621442
2827747
2870570
2672528
0
2688592
131072
2105600
0
